%YAML:1.0
---
pc0: !!opencv-matrix
   rows: 5
   cols: 2
   dt: f
   data: [ 7.66454199e+03, 3.93028638e+03, 6.96788281e+03,
       1.26405835e+03, 8.85067188e+03, 2.44619727e+03, 1.61655322e+03,
       8.54630664e+03, 4.68791846e+03, 4.91238770e+03 ]
size0: 5
pc0P0: !!opencv-matrix
   rows: 50
   cols: 2
   dt: f
   data: [ 7.45111475e+03, 3.95048950e+03, 7.67265674e+03,
       3.85536841e+03, 7.60906104e+03, 3.97483374e+03, 7.56228125e+03,
       3.84944385e+03, 7.63525439e+03, 3.89609863e+03, 7.55199072e+03,
       3.98747046e+03, 7.73295410e+03, 3.77966284e+03, 7.72199707e+03,
       3.88679810e+03, 7.78864062e+03, 3.80712402e+03, 7.57007275e+03,
       3.77928540e+03, 7.59218945e+03, 3.90316748e+03, 7.58595850e+03,
       3.95655005e+03, 7.39810986e+03, 3.97947632e+03, 7.70858301e+03,
       3.89550391e+03, 7.59434375e+03, 4.05997534e+03, 7.74232373e+03,
       3.99329297e+03, 7.67229150e+03, 3.95896606e+03, 7.74436719e+03,
       3.92586938e+03, 7.67345459e+03, 3.84702515e+03, 7.72204883e+03,
       3.98827148e+03, 7.69589844e+03, 3.93690649e+03, 7.53613672e+03,
       4.08406177e+03, 7.62783350e+03, 3.89545972e+03, 7.59592969e+03,
       3.98013379e+03, 7.80784033e+03, 3.79611035e+03, 7.71638477e+03,
       3.86158105e+03, 7.59523193e+03, 3.86363403e+03, 7.67026660e+03,
       3.83355811e+03, 7.54878418e+03, 3.93315356e+03, 7.68327832e+03,
       3.89050122e+03, 7.63723242e+03, 4.03025562e+03, 7.48710547e+03,
       3.84946216e+03, 7.63824609e+03, 4.01958643e+03, 7.85168994e+03,
       4.03285767e+03, 7.73208447e+03, 3.95345142e+03, 7.59583740e+03,
       3.85548438e+03, 7.53853320e+03, 3.97875537e+03, 7.76450781e+03,
       3.84085474e+03, 7.60149756e+03, 3.84923706e+03, 7.57517578e+03,
       4.20812744e+03, 7.73047119e+03, 3.82996240e+03, 7.76673340e+03,
       3.82630420e+03, 7.68600879e+03, 4.11702441e+03, 7.53379102e+03,
       3.91216309e+03, 7.67937109e+03, 3.94280762e+03, 7.83548926e+03,
       4.11678271e+03, 7.79457959e+03, 3.95842163e+03, 7.67327051e+03,
       3.91536523e+03, 7.70435498e+03, 3.93884912e+03, 7.84925000e+03,
       4.15498535e+03 ]
pc0P1: !!opencv-matrix
   rows: 50
   cols: 2
   dt: f
   data: [ 7.08394238e+03, 1.29978809e+03, 6.87215527e+03,
       1.25120410e+03, 6.91456641e+03, 1.34887219e+03, 6.95352490e+03,
       1.19324976e+03, 6.97399121e+03, 1.18785486e+03, 7.01993604e+03,
       1.14972009e+03, 6.94712500e+03, 1.25878357e+03, 6.74956250e+03,
       1.10186450e+03, 6.96293604e+03, 1.30957324e+03, 6.97828955e+03,
       1.21442566e+03, 7.01010547e+03, 1.23386499e+03, 6.85251074e+03,
       1.28911426e+03, 6.96846484e+03, 1.12980835e+03, 6.80441699e+03,
       1.25348376e+03, 6.87111230e+03, 1.09614355e+03, 6.84574463e+03,
       1.29320654e+03, 6.99455762e+03, 1.24144641e+03, 6.89060693e+03,
       1.29469385e+03, 7.00442188e+03, 1.19941248e+03, 6.96015088e+03,
       1.42304468e+03, 6.98371875e+03, 1.14767114e+03, 7.06282959e+03,
       1.17481006e+03, 7.03182715e+03, 1.38704272e+03, 7.03731250e+03,
       1.34384192e+03, 7.01544287e+03, 1.17988037e+03, 6.96330225e+03,
       1.52229138e+03, 6.96539307e+03, 1.13041809e+03, 6.91988574e+03,
       1.30476721e+03, 6.90604102e+03, 1.25490894e+03, 7.00173145e+03,
       1.17210693e+03, 7.12107666e+03, 1.48969971e+03, 6.97171484e+03,
       1.20568115e+03, 7.13956006e+03, 1.27675330e+03, 7.02074268e+03,
       1.35092932e+03, 7.00942188e+03, 1.04166028e+03, 6.98990869e+03,
       1.45891174e+03, 7.08642188e+03, 1.22684985e+03, 6.83083643e+03,
       1.30969666e+03, 6.93365039e+03, 1.25994690e+03, 6.81341553e+03,
       1.46108533e+03, 6.96133496e+03, 1.13469592e+03, 6.83669922e+03,
       1.28032019e+03, 6.96224707e+03, 1.26488660e+03, 7.15750293e+03,
       1.34788416e+03, 6.86043115e+03, 1.18821875e+03, 6.84716016e+03,
       1.20023560e+03, 7.02702637e+03, 1.19425635e+03, 7.03042090e+03,
       1.28508801e+03, 7.07929834e+03, 1.31524072e+03, 7.04339209e+03,
       1.20235828e+03 ]
pc0P2: !!opencv-matrix
   rows: 50
   cols: 2
   dt: f
   data: [ 8.86999805e+03, 2.58339868e+03, 8.73358203e+03,
       2.27403418e+03, 8.83282324e+03, 2.43375708e+03, 8.92229102e+03,
       2.39403320e+03, 8.81914941e+03, 2.43825195e+03, 8.77731641e+03,
       2.38811548e+03, 8.94415527e+03, 2.37161987e+03, 8.82366309e+03,
       2.63592285e+03, 8.87342090e+03, 2.37918701e+03, 8.89720801e+03,
       2.43613354e+03, 8.93754004e+03, 2.54811548e+03, 8.75884766e+03,
       2.49615771e+03, 8.92091309e+03, 2.27573535e+03, 8.96063574e+03,
       2.36182275e+03, 9.02194824e+03, 2.66279688e+03, 8.83442285e+03,
       2.19345386e+03, 8.85060742e+03, 2.70116748e+03, 8.68713867e+03,
       2.41845068e+03, 8.82686230e+03, 2.23331274e+03, 8.83245703e+03,
       2.44158472e+03, 8.84699805e+03, 2.48972681e+03, 8.82972363e+03,
       2.47724268e+03, 8.91898633e+03, 2.54202686e+03, 8.85377148e+03,
       2.54700146e+03, 8.84972656e+03, 2.54301660e+03, 8.74129688e+03,
       2.57220605e+03, 8.75621582e+03, 2.47578662e+03, 8.78565918e+03,
       2.41631812e+03, 8.82104004e+03, 2.39263403e+03, 8.79517578e+03,
       2.49999854e+03, 8.85559961e+03, 2.51216260e+03, 8.67993652e+03,
       2.40300757e+03, 8.82250781e+03, 2.35280200e+03, 8.89950195e+03,
       2.48833276e+03, 8.69442578e+03, 2.43629468e+03, 8.94750684e+03,
       2.31653979e+03, 8.79843164e+03, 2.37059839e+03, 8.94532812e+03,
       2.37231543e+03, 8.88202344e+03, 2.44949780e+03, 8.75035547e+03,
       2.37652783e+03, 8.97476465e+03, 2.50600293e+03, 8.84671973e+03,
       2.47693335e+03, 8.84074609e+03, 2.43416333e+03, 8.85678125e+03,
       2.43197876e+03, 8.96497070e+03, 2.48947485e+03, 8.86425879e+03,
       2.24072925e+03, 8.74238379e+03, 2.50695605e+03, 9.07181738e+03,
       2.47602075e+03, 8.79294336e+03, 2.63376294e+03, 8.91121094e+03,
       2.52908105e+03 ]
pc0P3: !!opencv-matrix
   rows: 50
   cols: 2
   dt: f
   data: [ 1.59648108e+03, 8.53444043e+03, 1.65511682e+03,
       8.46441797e+03, 1.64939685e+03, 8.56235840e+03, 1.49240747e+03,
       8.53012402e+03, 1.68225891e+03, 8.62067578e+03, 1.69774158e+03,
       8.62426367e+03, 1.79496899e+03, 8.66353125e+03, 1.51633533e+03,
       8.54533496e+03, 1.59077283e+03, 8.74374023e+03, 1.70498145e+03,
       8.60815430e+03, 1.68416821e+03, 8.54147559e+03, 1.53109351e+03,
       8.54582031e+03, 1.57366907e+03, 8.44614355e+03, 1.49997107e+03,
       8.80947656e+03, 1.59747217e+03, 8.60345508e+03, 1.60674048e+03,
       8.39635645e+03, 1.60744324e+03, 8.52349512e+03, 1.59360083e+03,
       8.53737598e+03, 1.64315417e+03, 8.48148730e+03, 1.66767407e+03,
       8.50365625e+03, 1.51882129e+03, 8.60695605e+03, 1.60527185e+03,
       8.49915723e+03, 1.60791479e+03, 8.47246973e+03, 1.70558972e+03,
       8.60908789e+03, 1.79874121e+03, 8.41186328e+03, 1.52523401e+03,
       8.69848145e+03, 1.46215088e+03, 8.57708594e+03, 1.73010632e+03,
       8.57495703e+03, 1.66638257e+03, 8.33679395e+03, 1.69042615e+03,
       8.56355859e+03, 1.51982166e+03, 8.63888477e+03, 1.64594519e+03,
       8.47142188e+03, 1.56559436e+03, 8.42377148e+03, 1.53754187e+03,
       8.62828320e+03, 1.65911438e+03, 8.40509570e+03, 1.42408521e+03,
       8.61243262e+03, 1.60640869e+03, 8.58006445e+03, 1.66137305e+03,
       8.51318555e+03, 1.58728748e+03, 8.37387402e+03, 1.74439661e+03,
       8.75487012e+03, 1.66319128e+03, 8.51169043e+03, 1.61208215e+03,
       8.50507031e+03, 1.58970129e+03, 8.44328809e+03, 1.56233545e+03,
       8.56156543e+03, 1.64468921e+03, 8.73620898e+03, 1.47907947e+03,
       8.52582422e+03, 1.83776379e+03, 8.68948438e+03, 1.58460620e+03,
       8.55192188e+03, 1.49631909e+03, 8.61265332e+03, 1.70755103e+03,
       8.50933691e+03 ]
